0.680000000000000
0.320000000000000
0.265000000000000
0.690000000000000
0.150000000000000
0.060000000000000
0.30
0.31
0.4545454545
0
10
0
0
0
0
0
1
0
0
0
1
0
0
0
1
0
0
0
1
0
0
0
0
0
0
0
0
0
0
0
0
0
0
0
0
0
0
0
0.100000000000000
0.100000000000000
0.050000000000000
0
0.100000000000000
0.100000000000000
0.050000000000000
0
0
0
0
0
1
0
0
0
0.500000000000000
0.500000000000000
0.500000000000000
0.500000000000000
3
0
0
0
0.87802262
0.22035174
-0.09837436
0
0.02085663
0.80322066
0.01700253
0
-0.00691779
-0.04971179
0.26336757
0
1
0
0
0
0
1
0
0
0
0
1
0
0.80571713
-0.04157272
0.02926461
0
-0.00404018
0.81985403
-0.00554317
0
0.00182215
0.01484294
0.98333491
0
0
0
0
0
2.40000000000000
0
0
0
1.0000
420
151
1000
0.125
1.5
0.33333
1
0
0
1
1
0
1
0
0
0
0
0
0
0
0
0
0
0
0
0
0
0
0
0
0
0
0
0
0
0
0
0
0
0
0
0
0
0
0
0
0
0
0
0
0
0
0
0
0
0
0
0
0
0
0
0
0
0
0
0
0
0
0
0
0
0
0
0
0
0
0
0
0
0.11
2.6
0
0.6
0
0
0.640000000000000
0.330000000000000
0.300000000000000
0.600000000000000
0.150000000000000
0.060000000000000
0.298407254
0.301684885
0.4545454545
0
4
2.5
5
2.5
10
2
0.05
1.05
-0.2
1.55
0
1.5
